.000000000000000000e+00
-2.261167765156920723e+04
-8.185312485895416467e+04
-1.760153488453394966e+05
-2.984897504481344367e+05
-4.404377026993959444e+05
-5.911842926867469214e+05
-7.386982568161162781e+05
-8.701396876554806950e+05
-9.724543775313199731e+05
-1.032991705151653150e+06
-1.040121839835168561e+06
-9.838277782431379892e+05
-8.562483557092987467e+05
-6.521498726191162132e+05
-3.693062998592532240e+05
-8.771101371105294675e+03
4.249725649147968506e+05
9.239922583797448315e+05
1.477021640319141559e+06
2.069710339627164882e+06
2.685002897045332007e+06
3.303636588267006911e+06
3.904743409893831238e+06
4.466537436590866186e+06
4.967065269070605747e+06
5.384994518567236140e+06
5.700413319184975699e+06
5.895612803336396813e+06
5.955824366532409564e+06
5.869884403999157250e+06
5.630801008955189958e+06
5.236199835087188520e+06
4.688629867466828786e+06
3.995714112162648700e+06
3.170135075197951868e+06
2.229450205071953591e+06
1.195738051916502882e+06
9.508157115733576939e+04
-1.043099414919994189e+06
-2.186849273244264536e+06
-3.302588951920495369e+06
-4.356113290310235694e+06
-5.313643364931996912e+06
-6.142901423636304215e+06
-6.814174395439513028e+06
-7.301331468793509528e+06
-7.582761843797547743e+06
-7.642200485598495230e+06
-7.469412502770596184e+06
-7.060710576200919226e+06
-6.419284567547395825e+06
-5.555327907309641130e+06
-4.485951439452359453e+06
-3.234881898531987797e+06
-1.831948915921000764e+06
-3.123711831496697851e+05
1.284141071906080702e+06
2.914444027477893047e+06
4.533149863635435700e+06
6.093914549177998677e+06
7.550786622093120590e+06
8.859577124531369656e+06
9.979209405586386099e+06
1.087300731461408176e+07
1.150988139888252132e+07
1.186537507662332617e+07
1.192253632493271306e+07
1.167258510800618678e+07
1.111535244574651495e+07
1.025947352474729903e+07
9.122324394651429728e+06
7.729699362837236375e+06
6.115233973741880618e+06
4.319586201578998938e+06
2.389395960689266212e+06
3.760500155859726947e+05
-1.665714365400116891e+06
-3.679328322363944259e+06
-5.607989934044511989e+06
-7.396296393078401685e+06
-8.991862168359238654e+06
-1.034687522008805349e+07
-1.141954449179833010e+07
-1.217539448105052300e+07
-1.258836662689788081e+07
-1.264169244589329697e+07
-1.232850965811028145e+07
-1.165219979346249439e+07
-1.062643374885133840e+07
-9.274920245921459049e+06
-7.630860867135364562e+06
-5.736124063792778179e+06
-3.640158970394714735e+06
-1.398677767966255080e+06
9.278575290763862431e+05
3.275901854458060116e+06
5.580600490713780746e+06
7.777618549835908227e+06
9.804973875312950462e+06
1.160482013335216232e+07
1.312512786220380850e+07
1.432121380579028651e+07
1.515707290552047454e+07
1.560647275110195391e+07
1.565377694405867346e+07
1.529447151558013260e+07
1.453537704034403525e+07
1.339453815178635903e+07
1.190079152570351027e+07
1.009302278180881776e+07
8.019131878909956664e+06
5.734735177242972888e+06
3.301640154373357538e+06
7.861355545032736845e+05
-1.742854680017063394e+06
-4.215701171068890020e+06
-6.564027384436359629e+06
-8.722640203630926087e+06
-1.063137717056768574e+07
-1.223681699139676057e+07
-1.349380369979776815e+07
-1.436674012378896400e+07
-1.483061286233439296e+07
-1.487171865064951032e+07
-1.448807054748529568e+07
-1.368947155087030306e+07
-1.249725274844317138e+07
-1.094368261320898682e+07
-9.071063215066336095e+06
-6.930537577693664469e+06
-4.580639967229868285e+06
-2.085628106843360234e+06
4.863543119552033022e+05
3.065221049142091535e+06
5.580910637818008661e+06
7.965292455686721019e+06
1.015395144751636311e+07
1.208782774819868058e+07
1.371470812072933652e+07
1.499056361873483099e+07
1.588071169150170870e+07
1.636076386784396507e+07
1.641731233379880153e+07
1.604831587457063422e+07
1.526316669258086570e+07
1.408244953455258906e+07
1.253744303070414998e+07
1.066945079686660133e+07
8.529060628823230043e+06
6.175397446281916462e+06
3.675359944704784546e+06
1.102722970257511828e+06
-1.463131329244526103e+06
-3.939184208509592339e+06
-6.241795724877414294e+06
-8.290968113576105796e+06
-1.001571861990501173e+07
-1.135991575364321470e+07
-1.228744363346857019e+07
-1.278538387406137772e+07
-1.286426633245676756e+07
-1.255526642483624071e+07
-1.190512705942985974e+07
-1.097011229603516683e+07
-9.810273922345068306e+06
-8.484881555417515337e+06
-7.049330837874197401e+06
-5.553432261908531189e+06
-4.040771604494602419e+06
-2.548786731737977825e+06
-1.109252418315461604e+06
2.510561676935702562e+05
1.509674988461215980e+06
2.647833211862724274e+06
3.649962685697291046e+06
4.503368946474606171e+06
5.198086238991510123e+06
5.726933492763803340e+06
6.085784049436004832e+06
6.274054147382397205e+06
6.295397956369000487e+06
6.158563679500592873e+06
5.878309549648416229e+06
5.476197826835821383e+06
4.980987130272224545e+06
4.428257026020207442e+06
3.858880358370654751e+06
3.316086050652781501e+06
2.841187380188093521e+06
2.468555601077162661e+06
2.220910424154118169e+06
2.106181065438031219e+06
2.116850569779664278e+06
2.231916969560288358e+06
2.420774730255882256e+06
2.647856909710068256e+06
2.876933899369763676e+06
3.074376491841313429e+06
3.211174674823921639e+06